# GIMP colorrc
# 
# This file holds a list of recently used colors.

(color-history
    (color-rgba 1 1 1 1)
    (color-rgba 0 0 0 1)
    (color-rgba 1 0.97725325461166723 0.74247063011747949 1)
    (color-rgba 0.83529418706893921 0.16862745583057404 0.18823531270027161 1)
    (color-rgba 0.23821098743792954 0.085075352455031575 0.45089936801166747 1)
    (color-rgba 0.30718326234266419 0.089774752876357181 0.60913952357802625 1)
    (color-rgba 0.094117656350135803 0.023529414087533951 0.19215688109397888 1)
    (color-rgba 0.80784320831298828 0.80784320831298828 0.80784320831298828 1)
    (color-rgba 0.71210364042435415 0.61122490782466199 0.85579680458828344 1)
    (color-rgba 0.092436974789915971 0.021642755987931781 0.19327731092436978 1)
    (color-rgba 0.76862752437591553 0.74117648601531982 0.7725490927696228 1)
    (color-rgba 0.43981328464689706 0.50196081399917603 0.50196081399917603 1)
    (color-rgba 0.35376285938989543 0.50196081399917603 0.50196081399917603 1)
    (color-rgba 0.56862747669219971 0.56862747669219971 0.56862747669219971 1)
    (color-rgba 0.49411764740943909 0.52941179275512695 0.52941179275512695 1)
    (color-rgba 0.44705882668495178 0.49019607901573181 0.49019607901573181 1)
    (color-rgba 0.47843137383460999 0.51764708757400513 0.51372551918029785 1)
    (color-rgba 0.16862745583057404 0.16078431904315948 0.17254902422428131 1)
    (color-rgba 0.88627457618713379 0.33725491166114807 0.12941177189350128 1)
    (color-rgba 0.96862751245498657 0.9647059440612793 0.75294125080108643 1)
    (color-rgba 1 1 1 0)
    (color-rgba 0.044642857142856762 0 1 1)
    (color-rgba 0.74569601574028532 0.2058126534660876 0.060501721593703935 1)
    (color-rgba 0.94285714285714284 0.7902040816326531 0.83109329143954558 1)
    (color-rgba 0.78039222955703735 0.66890762533460346 0.69876957068783663 1)
    (color-rgba 0.49523809523809526 0.42448979591836739 0.44344023183600023 1)
    (color-rgba 0.13333334028720856 0.027450982481241226 0.20784315466880798 1)
    (color-rgba 0.25882354378700256 0.11764706671237946 0.36078432202339172 1)
    (color-rgba 0.13337430062191891 0.02793650793650793 0.20952380952380953 1)
    (color-rgba 0.18187404630261667 0.038095238095238085 0.2857142857142857 1)
    (color-rgba 0.20116576547449741 0.12156863510608674 0.78039222955703735 1)
    (color-rgba 0.78169999177157901 0.12260347239364756 0.29659656815358254 1)
    (color-rgba 0.89116764327568954 0.35429715055095856 0 1)
    (color-rgba 0.89116764327568954 0.1945692714484098 0 1)
    (color-rgba 0.7142857142857143 1 1 1)
    (color-rgba 0.61715412421952021 0.68912664844840255 0.73250082155767338 1)
    (color-rgba 0.41480446927374304 0.53070894027196436 0.6005586592178771 1)
    (color-rgba 0.34521853434111072 0.61024556444319134 0.76996385146237267 1)
    (color-rgba 0 0.08693661829121159 0.35238095238095241 1)
    (color-rgba 0 0.59215688705444336 0.9490196704864502 1)
    (color-rgba 0.066666670143604279 0.88627457618713379 0.96078437566757202 1)
    (color-rgba 0 0.13333334028720856 0.70588237047195435 1)
    (color-rgba 0 0.13437903200239609 0.70476190476190481 1)
    (color-rgba 0.066666666666666666 0.88571428571428568 0.96190476190476193 1)
    (color-rgba 0.33333333333333331 0.86539352826064808 0.92893568021056094 1)
    (color-rgba 0.43000328623069334 0.68498287629378352 0.83864607295432136 1)
    (color-rgba 0 0.59372822299651618 0.9508928571428571 1)
    (color-rgba 0.125 0 1 1)
    (color-rgba 1 0 0 1)
    (color-rgba 0 0.0089285714285716189 1 1)
    (color-rgba 0.7232142857142857 0.077487244897959384 0 1)
    (color-rgba 0.9196428571428571 0.48495069168607058 0.08023729626078617 1)
    (color-rgba 0.9196428571428571 0.08023729626078617 0.8896640871113547 1)
    (color-rgba 0 0 1 1)
    (color-rgba 0.95294123888015747 0.82745105028152466 0.22352942824363708 1)
    (color-rgba 0.34509803921568627 0.14901960784313725 0.078431372549019607 0)
    (color-rgba 0.18390460210930012 0.8839285714285714 0.80892600328722053 1)
    (color-rgba 0.8839285714285714 0.78392514724010431 0.18390460210930012 1)
    (color-rgba 0.18390460210930012 0.82767664532255825 0.8839285714285714 1)
    (color-rgba 0.9419642857142857 0.088506711409395949 0.088506711409395949 1)
    (color-rgba 0 0 0 0)
    (color-rgba 0.10044642857142871 0 0.5625 1)
    (color-rgba 0.6470588235294118 0.74901960784313726 0.82352941176470584 1)
    (color-rgba 0.6588235294117647 0.75686274509803919 0.81176470588235294 1)
    (color-rgba 0.11764705882352941 0.098039215686274508 0.29019607843137257 1)
    (color-rgba 0.14901960784313725 0.12549019607843137 0.32156862745098042 1)
    (color-rgba 0.17163316675725468 0.091771634222149498 0.79911663667593658 1)
    (color-rgba 0.16078431372549021 0.13333333333333333 0.37647058823529411 1)
    (color-rgba 0.16078431372549021 0.13333333333333333 0.37254901960784315 1)
    (color-rgba 0.47742951303497627 1 0.25261435583694958 1)
    (color-rgba 0 0.8014239390948823 0.20718887006817532 1)
    (color-rgba 0.067114093959731558 1 0.84860834792103135 1)
    (color-rgba 0.067114093959731558 0.59436690496245803 1 1)
    (color-rgba 0.47202462160360537 0.067114093959731558 1 1)
    (color-rgba 1 0.067114093959731558 0.95647261220424273 1)
    (color-rgba 1 0.067114093959731558 0.067114093959731558 1)
    (color-rgba 0.78757646739937703 0.23733398917855375 0.79193310378750614 1)
    (color-rgba 0.8080357142857143 0.097615052732502441 0.097615052732502441 1)
    (color-rgba 0.047058823529411764 0.047058823529411764 0.43529411764705883 1)
    (color-rgba 0.18777593970298767 0.18777593970298767 0.18777593970298767 1)
    (color-rgba 0.64313725490196072 0.10588235294117647 0.13333333333333333 1)
    (color-rgba 0.41868622448979598 0 0.4508928571428571 1)
    (color-rgba 0.81250000000000022 0 0.875 1)
    (color-rgba 0.875 0.51562499999999989 0 1)
    (color-rgba 0.43137254901960786 0.4392156862745098 0.62352941176470589 1)
    (color-rgba 0.074509803921568626 0.14509803921568629 0.6705882352941176 1)
    (color-rgba 0.42352941176470588 0.47058823529411764 0.94509803921568625 1)
    (color-rgba 0.050980392156862744 0.035294117647058823 0.015686274509803921 1)
    (color-rgba 0.24313725490196078 0.21176470588235294 0.22745098039215686 1)
    (color-rgba 0.8666666666666667 0.16078431372549021 0.35294117647058826 1)
    (color-rgba 0.35456930917898744 0.30536912751677853 0.9285714285714286 1)
    (color-rgba 0.8660714285714286 0.59422247215871393 0.20343959731543623 1)
    (color-rgba 0.54117647058823526 0.47843137254901963 0.38823529411764707 1)
    (color-rgba 0.93555147058823496 0.14953859060402686 0.96875 1)
    (color-rgba 0.057187220322943259 0.047459252157238722 0.1964285714285714 1)
    (color-rgba 0.11013230503291002 0.083892617449664419 0.25 1)
    (color-rgba 0.047799530886179824 0.033557046979865772 0.1785714285714286 1)
    (color-rgba 0.07528426114573343 0.052852348993288577 0.28125 1)
    (color-rgba 0.9553571428571429 0.044882550335570516 0.044882550335570516 1)
    (color-rgba 0.054901960784313725 0.086274509803921567 0.12941176470588237 1)
    (color-rgba 0.93725490196078431 0.64313725490196083 0.047058823529411764 1)
    (color-rgba 0.9776785714285714 0 0 1)
    (color-rgba 1 0.99607843137254903 1 1)
    (color-rgba 0.59313036690085863 0.82857142857142863 0.095081967213114779 1)
    (color-rgba 0.16862745098039217 0.094117647058823528 0.41176470588235292 1)
    (color-rgba 0.7803921568627451 0.050980392156862744 0.062745098039215685 1)
    (color-rgba 0.61568627450980395 0.011764705882352941 0.0039215686274509803 1)
    (color-rgba 0.28571428571428559 0 1 1)
    (color-rgba 0.098039215686274508 0 1 0)
    (color-rgba 0.098214285714285587 0 1 1)
    (color-rgba 0.090196078431372548 0.81960784313725488 0.99607843137254903 1)
    (color-rgba 0.15686274509803921 0.75294117647058822 0.98431372549019602 1)
    (color-rgba 0.58857142857142852 0.98095238095238091 0.98095238095238091 1)
    (color-rgba 0.66666666666666663 1 1 1)
    (color-rgba 0.80000000000000004 1 1 1)
    (color-rgba 0.41904761904761906 1 1 1)
    (color-rgba 0.15686274509803921 0.37142857142857144 0.98431372549019602 1)
    (color-rgba 0.20952380952380953 1 1 1)
    (color-rgba 0.25098039215686274 0.79047619047619055 0.92549019607843142 1)
    (color-rgba 0.25098039215686274 0.67450980392156867 0.92549019607843142 1)
    (color-rgba 0.1473214285714286 0.1473214285714286 0.1473214285714286 1)
    (color-rgba 0.37142857142857144 0.37142857142857144 0.37142857142857144 1)
    (color-rgba 0.45714285714285718 0.21147787974250115 0.095110258868648156 1)
    (color-rgba 0.90625 0.41923837488015359 0.18854865771812085 1)
    (color-rgba 0.77181208053691275 0.98166347075743043 1 1)
    (color-rgba 0.095424107142857151 0 0.76339285714285721 1)
    (color-rgba 0.073825503355704702 1 0.90076701821668215 1)
    (color-rgba 0.91946308724832215 0.93096836049856191 1 1)
    (color-rgba 0.80536912751677847 0.83317353787152459 1 1)
    (color-rgba 0 0.040457589285714288 0.6473214285714286 1)
    (color-rgba 0 0.029017857142857144 0.4642857142857143 1)
    (color-rgba 0 0.0625 1 1)
    (color-rgba 1 0.14093959731543626 0.14093959731543626 1)
    (color-rgba 0.8526785714285714 0.8526785714285714 0.8526785714285714 1)
    (color-rgba 0.8526785714285714 0.25752037392138061 0.25752037392138061 1)
    (color-rgba 0.25752037392138061 0.38977775114520113 0.8526785714285714 1)
    (color-rgba 0.9776785714285714 0.20340963566634709 0.20340963566634709 1)
    (color-rgba 0.20392156862745098 0.37647058823529411 0.98039215686274506 1)
    (color-rgba 0.20340963566634709 0.37623752311327208 0.9776785714285714 1)
    (color-rgba 0.031372549019607843 0.91764705882352937 0.97254901960784312 1)
    (color-rgba 1 1 0.32549019607843138 1)
    (color-rgba 0.019607843137254902 0.36470588235294116 0.74901960784313726 1)
    (color-rgba 0.098039215686274508 0.098039215686274508 0.098039215686274508 1)
    (color-rgba 0.28187919463087219 0.24832214765100669 1 1)
    (color-rgba 0.8901960784313725 0.51764705882352946 0.8784313725490196 1)
    (color-rgba 0.89411764705882357 0.36470588235294116 0.4823529411764706 1)
    (color-rgba 0.94901960784313721 0.6705882352941176 0.73333333333333328 1)
    (color-rgba 0.9882352941176471 0.80784313725490198 0.81960784313725488 1)
    (color-rgba 0.88534298404342815 0.51702582661621976 0.8789339693435716 1)
    (color-rgba 1 0.7803921568627451 0.54117647058823526 1)
    (color-rgba 0.87450980392156863 0.37647058823529411 0.31764705882352939 1)
    (color-rgba 0.41960784313725491 0.62745098039215685 0.65098039215686276 1)
    (color-rgba 1 0.24313725490196081 0.25277335967055481 1)
    (color-rgba 0.24313725490196081 0.92838291400165063 1 1)
    (color-rgba 0.66326530612244883 0.7142857142857143 0 1)
    (color-rgba 0.92857142857142838 1 0 1)
    (color-rgba 0.28235294117647058 0.6588235294117647 0.73725490196078436 1)
    (color-rgba 0 0.65497448979591877 0.9285714285714286 1)
    (color-rgba 1 0.047071355807423679 0.4330357142857143 1)
    (color-rgba 0.043594199424736323 0.047071355807423679 0.4330357142857143 1)
    (color-rgba 0.43809523809523809 0.15226510067114096 0.6875 1)
    (color-rgba 0.081966511436789374 0.053930968360498578 0.4464285714285714 1)
    (color-rgba 0.73333333333333328 0.12304250559284113 0.12304250559284113 1)
    (color-rgba 0.5725490196078431 0.792156862745098 0.67843137254901964 1)
    (color-rgba 0.8928571428571429 0.15580057526366251 0.15580057526366251 1)
    (color-rgba 0.49523809523809526 1 1 1)
    (color-rgba 0.30196078431372547 0.73725490196078436 0.81176470588235294 1)
    (color-rgba 0 0.044642857142857262 0.3125 1)
    (color-rgba 0.063279002876318324 0.51691549102862644 0.85714285714285721 1)
    (color-rgba 0.16470588235294117 0.85490196078431369 1 1)
    (color-rgba 0.25714285714285712 0.76122448979591817 1 1)
    (color-rgba 0.20392170548439026 0.25882375240325928 0.60392183065414429 1)
    (color-rgba 0.792156862745098 0.86274509803921573 0.91764705882352937 1)
    (color-rgba 0.70196078431372544 0.15686274509803921 0.42352941176470588 1)
    (color-rgba 0.34901960784313724 0.70980392156862748 0.89411764705882357 1)
    (color-rgba 0.25494260204081648 0 0.6964285714285714 1)
    (color-rgba 0.031568877551020294 0 0.4419642857142857 1)
    (color-rgba 0.36470588235294116 0.83529411764705885 0.93333333333333335 1)
    (color-rgba 0.24244897959183653 1 0.085714285714285632 1)
    (color-rgba 1 0 0.43137254901960809 1)
    (color-rgba 1 0.085714285714285632 0.48011204481792735 1)
    (color-rgba 0.9375 0.66666666666666663 0 1)
    (color-rgba 0.9375 0.50476190476190474 0 1)
    (color-rgba 0.81904761904761902 0.71339991022671101 0.07951365730126296 1)
    (color-rgba 0.7455357142857143 0.61579963361183387 0.085061121764141864 1)
    (color-rgba 0.9955357142857143 0.79998405612244883 0 1)
    (color-rgba 0.0047639022051773668 0.0047639022051773668 0.2366071428571429 1)
    (color-rgba 0 0 0.1785714285714286 1)
    (color-rgba 0 0 0.34375 1)
    (color-rgba 0.80000000000000004 0 0.34375 1)
    (color-rgba 0.035316292835438301 0 0.34375 1)
    (color-rgba 0.46666666666666667 0.076731783317353766 0.44226176208738494 1)
    (color-rgba 0.75238095238095237 0.3511111111111111 0 1)
    (color-rgba 1 0.35238095238095241 0 1)
    (color-rgba 1 0.45714285714285718 0 1)
    (color-rgba 0 0.56528239202657804 0.79047619047619055 1)
    (color-rgba 0 0.4823529411764706 0.67450980392156867 1)
    (color-rgba 0.012583755515607052 0.46074407478845786 0.82857142857142863 1)
    (color-rgba 0.043137254901960784 0.41568627450980394 0.6588235294117647 1)
    (color-rgba 0.99607843137254903 0.54117647058823526 0.20784313725490197 1)
    (color-rgba 1 0.57354464469604782 0 1)
    (color-rgba 0 1 0.05973600792654965 1)
    (color-rgba 0 0.02015221837731751 1 1)
    (color-rgba 0 1 0.40770537013376007 1)
    (color-rgba 0 1 0.94461465924774268 1)
    (color-rgba 0.38039215686274508 0.94901960784313721 0.4392156862745098 0)
    (color-rgba 0 0.01659122690941002 0.50617894216510129 1)
    (color-rgba 0.37947377022389289 0.39820600568796422 0.95097238110802418 1)
    (color-rgba 0 0.016055708570855955 0.41530249110320283 1)
    (color-rgba 1 0.16624847659330422 0.28818541150894739 1)
    (color-rgba 0 0.094132740936317377 0.36293994362939941 1)
    (color-rgba 0.015375712986690916 0.080725355947291286 0.26733900967181945 1)
    (color-rgba 0.22832107134000165 0.30351175305352696 0.51822765975035134 1)
    (color-rgba 0.034669733815313852 0.22372563523195754 0.25008215576733489 1)
    (color-rgba 0 0.3588653019185537 0.40889516413695731 1)
    (color-rgba 0.036149560804907346 0.40889516413695731 0 1)
    (color-rgba 0.40889516413695731 0 0.28985134844464661 1)
    (color-rgba 0.21137820538172197 0 0.40889516413695731 1)
    (color-rgba 0.40889516413695731 0 0.0024870117149686866 1)
    (color-rgba 0.051458607824232283 0 0.40889516413695731 1)
    (color-rgba 0 0.04700003323433545 0.32769374148684494 1)
    (color-rgba 0.7803921568627451 0.66641670678902787 0.086274509803921595 1)
    (color-rgba 0.48608569708966637 0.086274509803921595 0.7803921568627451 1)
    (color-rgba 0.086274509803921595 0.75815776439667582 0.7803921568627451 1)
    (color-rgba 0.59893623288507591 0.7803921568627451 0.086274509803921595 1)
    (color-rgba 0.7803921568627451 0.49411764705882355 0.086274509803921567 1)
    (color-rgba 0.70476190476190481 0.10503569655667185 0.02745098039215689 1)
    (color-rgba 0.83529411764705885 0.53333333333333333 0.078431372549019607 1)
    (color-rgba 0.44705882352941179 0.11372549019607843 0.039215686274509803 1)
    (color-rgba 0.75391672547635846 0.35622432716822361 0 1)
    (color-rgba 1 0.053380782918149516 0.38528931985540926 1)
    (color-rgba 0.89953098000493703 0.27287442628606384 0.077018020241915466 1)
    (color-rgba 1 0.44934257701409852 0.032808022922636071 1)
    (color-rgba 1 0.31256210078069557 0.31256210078069557 1)
    (color-rgba 0.30980392156862746 0.32941176470588235 0.84313725490196079 1)
    (color-rgba 0.048199326298599438 0 0.52533521524347215 1)
    (color-rgba 0 0.47283270098074309 0.25364090615243812 1)
    (color-rgba 0 0.90818417169639876 1 1)
    (color-rgba 0.70197933891208653 0 1 1)
    (color-rgba 1 0.025526796533516971 0 1)
    (color-rgba 0.92486685784514544 0.42098317189045686 0.40778369520688246 1)
    (color-rgba 0.14531399808245446 0.25714285714285712 0.59578739213806331 1)
    (color-rgba 0.14531399808245446 0.8660714285714286 0.59578739213806331 1)
    (color-rgba 0.29530201342281881 1 0.32046979865771807 1)
    (color-rgba 0 0.6294642857142857 0.022480867346938695 1)
    (color-rgba 1 0.20000000000000001 0.73253686590065237 1)
    (color-rgba 1 0.49664429530201337 0.6865666397273269 1)
    (color-rgba 0.9955357142857143 0.14285714285714285 0.46458333333333335 1)
    (color-rgba 0.9955357142857143 0.87619047619047619 0.46458333333333335 1)
    (color-rgba 0.9955357142857143 0.69925104657247505 0.46458333333333335 1)
    (color-rgba 0.9955357142857143 0.060133029721955923 0.23552103307766062 1)
    (color-rgba 0.36912751677852351 0.40067114093959721 1 1)
    (color-rgba 0 0.90804368622448972 0.9330357142857143 1)
    (color-rgba 0.11499280920421864 0.58566356492261329 0.9017857142857143 1)
    (color-rgba 0.24705046197583472 0 0.70535714285714279 1)
    (color-rgba 0.20847774550068424 0.041706615532118879 0.51785714285714279 1))

# end of colorrc
